1	1	2	3	5	8	13	21	34	55	89	144	233	377	610	987	1597	2584	4181	6765	10946	17711	28657	46368	75025	121393	196418	317811	514229	832040	1346269	2178309	3524578	5702887	9227465	14930352	24157817	39088169	63245986	102334155	165580141	267914296	433494437	701408733	1134903170	
calc time = 16.060000
1	1	2	3	5	8	13	21	34	55	89	144	233	377	610	987	1597	2584	4181	6765	10946	17711	28657	46368	75025	121393	196418	317811	514229	832040	1346269	2178309	3524578	5702887	9227465	14930352	24157817	39088169	63245986	102334155	165580141	267914296	433494437	701408733	1134903170	
calc time = 7.320000
size = 240 (max size = 256) bytes, ttl = 10 sec
hits = 5702910 (0.500002%), misses = 5702869 (0.499998%), unsets = 5702854


1	1	2	3	5	8	13	21	34	55	89	144	233	377	610	987	1597	2584	4181	6765	10946	17711	28657	46368	75025	121393	196418	317811	514229	832040	1346269	2178309	3524578	5702887	9227465	14930352	24157817	39088169	63245986	102334155	165580141	267914296	433494437	701408733	1134903170	
calc time = 7.420000
size = 240 (max size = 256) bytes, ttl = 9 sec
hits = 5702910 (0.500002%), misses = 5702869 (0.499998%), unsets = 5702854


1	1	2	3	5	8	13	21	34	55	89	144	233	377	610	987	1597	2584	4181	6765	10946	17711	28657	46368	75025	121393	196418	317811	514229	832040	1346269	2178309	3524578	5702887	9227465	14930352	24157817	39088169	63245986	102334155	165580141	267914296	433494437	701408733	1134903170	
calc time = 8.450000
size = 240 (max size = 256) bytes, ttl = 8 sec
hits = 5701869 (0.456318%), misses = 6793516 (0.543682%), unsets = 6793486


1	1	2	3	5	8	13	21	34	55	89	144	233	377	610	987	1597	2584	4181	6765	10946	17711	28657	46368	75025	121393	196418	317811	514229	832040	1346269	2178309	3524578	5702887	9227465	14930352	24157817	39088169	63245986	102334155	165580141	267914296	433494437	701408733	1134903170	
calc time = 8.400000
size = 240 (max size = 256) bytes, ttl = 7 sec
hits = 5701854 (0.455652%), misses = 6811769 (0.544348%), unsets = 6811739


1	1	2	3	5	8	13	21	34	55	89	144	233	377	610	987	1597	2584	4181	6765	10946	17711	28657	46368	75025	121393	196418	317811	514229	832040	1346269	2178309	3524578	5702887	9227465	14930352	24157817	39088169	63245986	102334155	165580141	267914296	433494437	701408733	1134903170	
calc time = 7.720000
size = 240 (max size = 256) bytes, ttl = 6 sec
hits = 5165122 (0.451468%), misses = 6275597 (0.548532%), unsets = 6275567


1	1	2	3	5	8	13	21	34	55	89	144	233	377	610	987	1597	2584	4181	6765	10946	17711	28657	46368	75025	121393	196418	317811	514229	832040	1346269	2178309	3524578	5702887	9227465	14930352	24157817	39088169	63245986	102334155	165580141	267914296	433494437	701408733	1134903170	
calc time = 7.330000
size = 240 (max size = 256) bytes, ttl = 5 sec
hits = 4855337 (0.448703%), misses = 5965500 (0.551297%), unsets = 5965470


1	1	2	3	5	8	13	21	34	55	89	144	233	377	610	987	1597	2584	4181	6765	10946	17711	28657	46368	75025	121393	196418	317811	514229	832040	1346269	2178309	3524578	5702887	9227465	14930352	24157817	39088169	63245986	102334155	165580141	267914296	433494437	701408733	1134903170	
calc time = 7.100000
size = 240 (max size = 256) bytes, ttl = 4 sec
hits = 4644627 (0.446616%), misses = 5754982 (0.553384%), unsets = 5754952


1	1	2	3	5	8	13	21	34	55	89	144	233	377	610	987	1597	2584	4181	6765	10946	17711	28657	46368	75025	121393	196418	317811	514229	832040	1346269	2178309	3524578	5702887	9227465	14930352	24157817	39088169	63245986	102334155	165580141	267914296	433494437	701408733	1134903170	
calc time = 9.580000
size = 240 (max size = 256) bytes, ttl = 3 sec
hits = 5700792 (0.418460%), misses = 7922477 (0.581540%), unsets = 7922432


1	1	2	3	5	8	13	21	34	55	89	144	233	377	610	987	1597	2584	4181	6765	10946	17711	28657	46368	75025	121393	196418	317811	514229	832040	1346269	2178309	3524578	5702887	9227465	14930352	24157817	39088169	63245986	102334155	165580141	267914296	433494437	701408733	1134903170	
calc time = 11.680000
size = 240 (max size = 256) bytes, ttl = 2 sec
hits = 5698735 (0.361210%), misses = 10078066 (0.638790%), unsets = 10077991


1	1	2	3	5	8	13	21	34	55	89	144	233	377	610	987	1597	2584	4181	6765	10946	17711	28657	46368	75025	121393	196418	317811	514229	832040	1346269	2178309	3524578	5702887	9227465	14930352	24157817	39088169	63245986	102334155	165580141	267914296	433494437	701408733	1134903170	
calc time = 10.630000
size = 240 (max size = 256) bytes, ttl = 1 sec
hits = 4187364 (0.300740%), misses = 9736165 (0.699260%), unsets = 9736075


Done!
