1	1	2	3	5	8	13	21	34	55	89	144	233	377	610	987	1597	2584	4181	6765	10946	17711	28657	46368	75025	121393	196418	317811	514229	832040	1346269	2178309	3524578	5702887	9227465	14930352	24157817	39088169	63245986	102334155	165580141	267914296	433494437	701408733	1134903170	
calc time = 15.880000
1	1	2	3	5	8	13	21	34	55	89	144	233	377	610	987	1597	2584	4181	6765	10946	17711	28657	46368	75025	121393	196418	317811	514229	832040	1346269	2178309	3524578	5702887	9227465	14930352	24157817	39088169	63245986	102334155	165580141	267914296	433494437	701408733	1134903170	
calc time = 7.330000
size = 240 (max size = 256) bytes, ttl = 10 sec
hits = 5702910 (0.500002%), misses = 5702869 (0.499998%), unsets = 5702854


1	1	2	3	5	8	13	21	34	55	89	144	233	377	610	987	1597	2584	4181	6765	10946	17711	28657	46368	75025	121393	196418	317811	514229	832040	1346269	2178309	3524578	5702887	9227465	14930352	24157817	39088169	63245986	102334155	165580141	267914296	433494437	701408733	1134903170	
calc time = 7.340000
size = 240 (max size = 256) bytes, ttl = 9 sec
hits = 5702910 (0.500002%), misses = 5702869 (0.499998%), unsets = 5702854


1	1	2	3	5	8	13	21	34	55	89	144	233	377	610	987	1597	2584	4181	6765	10946	17711	28657	46368	75025	121393	196418	317811	514229	832040	1346269	2178309	3524578	5702887	9227465	14930352	24157817	39088169	63245986	102334155	165580141	267914296	433494437	701408733	1134903170	
calc time = 8.350000
size = 240 (max size = 256) bytes, ttl = 8 sec
hits = 5674834 (0.455555%), misses = 6782141 (0.544445%), unsets = 6782111


1	1	2	3	5	8	13	21	34	55	89	144	233	377	610	987	1597	2584	4181	6765	10946	17711	28657	46368	75025	121393	196418	317811	514229	832040	1346269	2178309	3524578	5702887	9227465	14930352	24157817	39088169	63245986	102334155	165580141	267914296	433494437	701408733	1134903170	
calc time = 8.380000
size = 240 (max size = 256) bytes, ttl = 7 sec
hits = 5701856 (0.455792%), misses = 6807913 (0.544208%), unsets = 6807883


1	1	2	3	5	8	13	21	34	55	89	144	233	377	610	987	1597	2584	4181	6765	10946	17711	28657	46368	75025	121393	196418	317811	514229	832040	1346269	2178309	3524578	5702887	9227465	14930352	24157817	39088169	63245986	102334155	165580141	267914296	433494437	701408733	1134903170	
calc time = 8.440000
size = 240 (max size = 256) bytes, ttl = 6 sec
hits = 5701857 (0.455779%), misses = 6808282 (0.544221%), unsets = 6808252


1	1	2	3	5	8	13	21	34	55	89	144	233	377	610	987	1597	2584	4181	6765	10946	17711	28657	46368	75025	121393	196418	317811	514229	832040	1346269	2178309	3524578	5702887	9227465	14930352	24157817	39088169	63245986	102334155	165580141	267914296	433494437	701408733	1134903170	
calc time = 8.100000
size = 240 (max size = 256) bytes, ttl = 5 sec
hits = 5431388 (0.453988%), misses = 6532345 (0.546012%), unsets = 6532315


1	1	2	3	5	8	13	21	34	55	89	144	233	377	610	987	1597	2584	4181	6765	10946	17711	28657	46368	75025	121393	196418	317811	514229	832040	1346269	2178309	3524578	5702887	9227465	14930352	24157817	39088169	63245986	102334155	165580141	267914296	433494437	701408733	1134903170	
calc time = 8.500000
size = 240 (max size = 256) bytes, ttl = 4 sec
hits = 5701855 (0.455760%), misses = 6808792 (0.544240%), unsets = 6808762


1	1	2	3	5	8	13	21	34	55	89	144	233	377	610	987	1597	2584	4181	6765	10946	17711	28657	46368	75025	121393	196418	317811	514229	832040	1346269	2178309	3524578	5702887	9227465	14930352	24157817	39088169	63245986	102334155	165580141	267914296	433494437	701408733	1134903170	
calc time = 8.090000
size = 240 (max size = 256) bytes, ttl = 3 sec
hits = 4619694 (0.403151%), misses = 6839267 (0.596849%), unsets = 6839222


1	1	2	3	5	8	13	21	34	55	89	144	233	377	610	987	1597	2584	4181	6765	10946	17711	28657	46368	75025	121393	196418	317811	514229	832040	1346269	2178309	3524578	5702887	9227465	14930352	24157817	39088169	63245986	102334155	165580141	267914296	433494437	701408733	1134903170	
calc time = 9.250000
size = 240 (max size = 256) bytes, ttl = 2 sec
hits = 4685445 (0.368881%), misses = 8016350 (0.631119%), unsets = 8016290


1	1	2	3	5	8	13	21	34	55	89	144	233	377	610	987	1597	2584	4181	6765	10946	17711	28657	46368	75025	121393	196418	317811	514229	832040	1346269	2178309	3524578	5702887	9227465	14930352	24157817	39088169	63245986	102334155	165580141	267914296	433494437	701408733	1134903170	
calc time = 11.580000
size = 240 (max size = 256) bytes, ttl = 1 sec
hits = 4094045 (0.277148%), misses = 10678024 (0.722852%), unsets = 10677919


Done!
